
1195054

1625254

1514749

1537873

1562166

1578385

1645016

329488

389274

1594662

330842

1430511

1737287

1582740

1370497

1462633

1298763

425167

1456124

1600122

1603221

813892

1006677

1114311

1560308

1602726

1619228

1424987

384752

417086

425318

423159

423200

428690

1377100

366075

847336

1005641

1235520

1280597

1644748

1645053

1645103

1645110

1672415

419642

1521688

1521501

262329

415390

250898

1606797

1532701

1579738

960409

1476664

1557302

1425109

1658259

959925

846405

936973

1176975

1237877

1249584

1253865

1294930

1370051

1400710

1515273

1566779

1602553

1606893

1619634

327139

1438571

413275

1184475

1267592

1419671

953268

1000105

1202695

1506097

1548083

1559757

1563668

1569623

1684149

1693833

1733326

1148032

1515637

382443

388148
10'
1602355

831211

444014

1097219

234734

235252

245051

247176

259717

268403

273403

284878

192672

206213

206533

207854

210667

213956

214899

218174

219783

222782

223961

227124

227364

227486

228152

228604

229904

230292

233222

234217

234452

234644

235452

236591

236891

236905
&quot;somefile.js&quot;&gt;&lt;/script&gt;
237098

238639

240671

244388

245461

248294

250081

251122

255105

255501

257442

258455

258990

258998

259881

260716

261383

261727

263201

263805

264318

264845

265123

266325

267031

267926

268259

268446

268815

268864

270556

272247

273071

274186

276309

278866

279553

280952

281479

281695

282286

282795

283656

285935

286314

287108

290439

290442

253507

277397

605307

1520131

267248

292774

426525

1108547

1591259

539476

348197

1348576

632119

370021

733651

1226954

278859

828009
&quot;menu&quot; button's menu (e.g. Stylish)
941816

1196151

1448920

1594025

337859

1110123

433599

389808

517770

1172226

668316

347751

858185

241068

505656

1479769

269062

324831

509676

502671

502233

432112

345360

710972

1461592
 nsnull'
423843

348183

361624

377281

388860

1466829

1503926

1694498

1709430

784842

206210

209819

216036

234361

260570

263700

264073

266547

272188

283771

286743

292539

292565

292612

292647

292805

292964

293275

293802
&quot;on&quot; corrupts &quot;img src&quot; and &quot;a href&quot; addresses
294674

295115

295329
 newsize; text of that new size continues to be truncated.
295341

296796

296824

298230

299090

301869

301913

302859

303050

303294

303999

304258

305433

305804

306305

306679

307302

307316

307476

307614

307941

307994

308170

308512

308658

309530

309710

310081

310198

310205

311104

311107

311119

311176

311482
+19241 and Crash in firefox!jpeg_mem_term+25def
311868

312177

312206

312271

312613

312627

312696

313049

313541

313689
text/html and PrintWriter.
314232

314280

314826

315083

315557

316216

316985

317279

317299

317772

318111

318608

319181

319489

319645

320031

320050

320518

320656

321144

321373

322094

322146

322886

324623
&quot;yes&quot; not respected when two or more &lt;embed&gt; appear in a page.
325546

325735

327585

327741

327747

328525

328934

329041

329282

329354

329463

329931

329995

330162

330195

330335
&quot;CENTER&quot; does not give desired results
330512

331449

331855

332240

332552

332622

332902

333393

333473

333740

334226

334466

334470

334828

335967

336166

336524

336668

336802

336807

337096

337214

337299

337435

337529

338377

338559

339326

339582

340567

341780

341836

342742

342853

343162

343617

344548

345240

345895

346753

346938

347484

349422

349508

349652

349957

350214

351378

351720

352829

353151

353652

353811

354141

354481

354492

354807

354967

355376

355773

355898

357022

357216

357572

357841

357882

358522

358530

358552

358601

359078

359445

360309

360381

360921

361395

361804

361904

362323

363433

363694

364565

364793

365422

365721

365910

365964

365980

366706

367090

367166

367173

367233

367517

368411

368569

369055

369433

369682

370023

370508

370512

371722

372088

372281

372293

372304

373265

373830

373850

373922

374161

375035

375623

376028

376900

377335

378717

378941

379134

379216

379941

379979

380176

380619

380794

381431

381959

382004

382191

382918

383017

383344

383700

383822

384444

384628

384802

384895

385515

385954

386311

387094

387482

387752

387965

388686

389438

389552

389606

390227

390803

392710

393694

394030

394192

394729

394840
1195054
1625254
1514749
1537873
1562166
1578385
1645016
329488
389274
1594662
330842
1430511
1737287
1582740
1370497
1462633
1298763
425167
1456124
1600122
1603221
813892
1006677
1114311
1560308
1602726
1619228
1424987
384752
417086
425318
423159
423200
428690
1377100
366075
847336
1005641
1235520
1280597
1644748
1645053
1645103
1645110
1672415
419642
1521688
1521501
262329
415390
250898
1606797
1532701
1579738
960409
1476664
1557302
1425109
1658259
959925
846405
936973
1176975
1237877
1249584
1253865
1294930
1370051
1400710
1515273
1566779
1602553
1606893
1619634
327139
1438571
413275
1184475
1267592
1419671
953268
1000105
1202695
1506097
1548083
1559757
1563668
1569623
1684149
1693833
1733326
1148032
1515637
382443
388148
10'
1602355
831211
444014
1097219
234734
235252
245051
247176
259717
268403
273403
284878
192672
206213
206533
207854
210667
213956
214899
218174
219783
222782
223961
227124
227364
227486
228152
228604
229904
230292
233222
234217
234452
234644
235452
236591
236891
236905
&quot;somefile.js&quot;&gt;&lt;/script&gt;
237098
238639
240671
244388
245461
248294
250081
251122
255105
255501
257442
258455
258990
258998
259881
260716
261383
261727
263201
263805
264318
264845
265123
266325
267031
267926
268259
268446
268815
268864
270556
272247
273071
274186
276309
278866
279553
280952
281479
281695
282286
282795
283656
285935
286314
287108
290439
290442
253507
277397
605307
1520131
267248
292774
426525
1108547
1591259
539476
348197
1348576
632119
370021
733651
1226954
278859
828009
&quot;menu&quot; button's menu (e.g. Stylish)
941816
1196151
1448920
1594025
337859
1110123
433599
389808
517770
1172226
668316
347751
858185
241068
505656
1479769
269062
324831
509676
502671
502233
432112
345360
710972
1461592
 nsnull'
423843
348183
361624
377281
388860
1466829
1503926
1694498
1709430
784842
206210
209819
216036
234361
260570
263700
264073
266547
272188
283771
286743
292539
292565
292612
292647
292805
292964
293275
293802
&quot;on&quot; corrupts &quot;img src&quot; and &quot;a href&quot; addresses
294674
295115
295329
 newsize; text of that new size continues to be truncated.
295341
296796
296824
298230
299090
301869
301913
302859
303050
303294
303999
304258
305433
305804
306305
306679
307302
307316
307476
307614
307941
307994
308170
308512
308658
309530
309710
310081
310198
310205
311104
311107
311119
311176
311482
+19241 and Crash in firefox!jpeg_mem_term+25def
311868
312177
312206
312271
312613
312627
312696
313049
313541
313689
text/html and PrintWriter.
314232
314280
314826
315083
315557
316216
316985
317279
317299
317772
318111
318608
319181
319489
319645
320031
320050
320518
320656
321144
321373
322094
322146
322886
324623
&quot;yes&quot; not respected when two or more &lt;embed&gt; appear in a page.
325546
325735
327585
327741
327747
328525
328934
329041
329282
329354
329463
329931
329995
330162
330195
330335
&quot;CENTER&quot; does not give desired results
330512
331449
331855
332240
332552
332622
332902
333393
333473
333740
334226
334466
334470
334828
335967
336166
336524
336668
336802
336807
337096
337214
337299
337435
337529
338377
338559
339326
339582
340567
341780
341836
342742
342853
343162
343617
344548
345240
345895
346753
346938
347484
349422
349508
349652
349957
350214
351378
351720
352829
353151
353652
353811
354141
354481
354492
354807
354967
355376
355773
355898
357022
357216
357572
357841
357882
358522
358530
358552
358601
359078
359445
360309
360381
360921
361395
361804
361904
362323
363433
363694
364565
364793
365422
365721
365910
365964
365980
366706
367090
367166
367173
367233
367517
368411
368569
369055
369433
369682
370023
370508
370512
371722
372088
372281
372293
372304
373265
373830
373850
373922
374161
375035
375623
376028
376900
377335
378717
378941
379134
379216
379941
379979
380176
380619
380794
381431
381959
382004
382191
382918
383017
383344
383700
383822
384444
384628
384802
384895
385515
385954
386311
387094
387482
387752
387965
388686
389438
389552
389606
390227
390803
392710
393694
394030
394192
394729
394840










































































































































































































































































































































































































































































































10'
10'
1000105
1000105
1005641
1005641
1006677
1006677
1097219
1097219
1108547
1108547
1110123
1110123
1114311
1114311
1148032
1148032
1172226
1172226
1176975
1176975
1184475
1184475
1195054
1195054
1196151
1196151
1202695
1202695
1226954
1226954
1235520
1235520
1237877
1237877
1249584
1249584
1253865
1253865
1267592
1267592
1280597
1280597
1294930
1294930
1298763
1298763
1348576
1348576
1370051
1370051
1370497
1370497
1377100
1377100
1400710
1400710
1419671
1419671
1424987
1424987
1425109
1425109
1430511
1430511
1438571
1438571
1448920
1448920
1456124
1456124
1461592
1461592
1462633
1462633
1466829
1466829
1476664
1476664
1479769
1479769
1503926
1503926
1506097
1506097
1514749
1514749
1515273
1515273
1515637
1515637
1520131
1520131
1521501
1521501
1521688
1521688
1532701
1532701
1537873
1537873
1548083
1548083
1557302
1557302
1559757
1559757
1560308
1560308
1562166
1562166
1563668
1563668
1566779
1566779
1569623
1569623
1578385
1578385
1579738
1579738
1582740
1582740
1591259
1591259
1594025
1594025
1594662
1594662
1600122
1600122
1602355
1602355
1602553
1602553
1602726
1602726
1603221
1603221
1606797
1606797
1606893
1606893
1619228
1619228
1619634
1619634
1625254
1625254
1644748
1644748
1645016
1645016
1645053
1645053
1645103
1645103
1645110
1645110
1658259
1658259
1672415
1672415
1684149
1684149
1693833
1693833
1694498
1694498
1709430
1709430
1733326
1733326
1737287
1737287
+19241 and Crash in firefox!jpeg_mem_term+25def
+19241 and Crash in firefox!jpeg_mem_term+25def
192672
192672
206210
206210
206213
206213
206533
206533
207854
207854
209819
209819
210667
210667
213956
213956
214899
214899
216036
216036
218174
218174
219783
219783
222782
222782
223961
223961
227124
227124
227364
227364
227486
227486
228152
228152
228604
228604
229904
229904
230292
230292
233222
233222
234217
234217
234361
234361
234452
234452
234644
234644
234734
234734
235252
235252
235452
235452
236591
236591
236891
236891
236905
236905
237098
237098
238639
238639
240671
240671
241068
241068
244388
244388
245051
245051
245461
245461
247176
247176
248294
248294
250081
250081
250898
250898
251122
251122
253507
253507
255105
255105
255501
255501
257442
257442
258455
258455
258990
258990
258998
258998
259717
259717
259881
259881
260570
260570
260716
260716
261383
261383
261727
261727
262329
262329
263201
263201
263700
263700
263805
263805
264073
264073
264318
264318
264845
264845
265123
265123
266325
266325
266547
266547
267031
267031
267248
267248
267926
267926
268259
268259
268403
268403
268446
268446
268815
268815
268864
268864
269062
269062
270556
270556
272188
272188
272247
272247
273071
273071
273403
273403
274186
274186
276309
276309
277397
277397
278859
278859
278866
278866
279553
279553
280952
280952
281479
281479
281695
281695
282286
282286
282795
282795
283656
283656
283771
283771
284878
284878
285935
285935
286314
286314
286743
286743
287108
287108
290439
290439
290442
290442
292539
292539
292565
292565
292612
292612
292647
292647
292774
292774
292805
292805
292964
292964
293275
293275
293802
293802
294674
294674
295115
295115
295329
295329
295341
295341
296796
296796
296824
296824
298230
298230
299090
299090
301869
301869
301913
301913
302859
302859
303050
303050
303294
303294
303999
303999
304258
304258
305433
305433
305804
305804
306305
306305
306679
306679
307302
307302
307316
307316
307476
307476
307614
307614
307941
307941
307994
307994
308170
308170
308512
308512
308658
308658
309530
309530
309710
309710
310081
310081
310198
310198
310205
310205
311104
311104
311107
311107
311119
311119
311176
311176
311482
311482
311868
311868
312177
312177
312206
312206
312271
312271
312613
312613
312627
312627
312696
312696
313049
313049
313541
313541
313689
313689
314232
314232
314280
314280
314826
314826
315083
315083
315557
315557
316216
316216
316985
316985
317279
317279
317299
317299
317772
317772
318111
318111
318608
318608
319181
319181
319489
319489
319645
319645
320031
320031
320050
320050
320518
320518
320656
320656
321144
321144
321373
321373
322094
322094
322146
322146
322886
322886
324623
324623
324831
324831
325546
325546
325735
325735
327139
327139
327585
327585
327741
327741
327747
327747
328525
328525
328934
328934
329041
329041
329282
329282
329354
329354
329463
329463
329488
329488
329931
329931
329995
329995
330162
330162
330195
330195
330335
330335
330512
330512
330842
330842
331449
331449
331855
331855
332240
332240
332552
332552
332622
332622
332902
332902
333393
333393
333473
333473
333740
333740
334226
334226
334466
334466
334470
334470
334828
334828
335967
335967
336166
336166
336524
336524
336668
336668
336802
336802
336807
336807
337096
337096
337214
337214
337299
337299
337435
337435
337529
337529
337859
337859
338377
338377
338559
338559
339326
339326
339582
339582
340567
340567
341780
341780
341836
341836
342742
342742
342853
342853
343162
343162
343617
343617
344548
344548
345240
345240
345360
345360
345895
345895
346753
346753
346938
346938
347484
347484
347751
347751
348183
348183
348197
348197
349422
349422
349508
349508
349652
349652
349957
349957
350214
350214
351378
351378
351720
351720
352829
352829
353151
353151
353652
353652
353811
353811
354141
354141
354481
354481
354492
354492
354807
354807
354967
354967
355376
355376
355773
355773
355898
355898
357022
357022
357216
357216
357572
357572
357841
357841
357882
357882
358522
358522
358530
358530
358552
358552
358601
358601
359078
359078
359445
359445
360309
360309
360381
360381
360921
360921
361395
361395
361624
361624
361804
361804
361904
361904
362323
362323
363433
363433
363694
363694
364565
364565
364793
364793
365422
365422
365721
365721
365910
365910
365964
365964
365980
365980
366075
366075
366706
366706
367090
367090
367166
367166
367173
367173
367233
367233
367517
367517
368411
368411
368569
368569
369055
369055
369433
369433
369682
369682
370021
370021
370023
370023
370508
370508
370512
370512
371722
371722
372088
372088
372281
372281
372293
372293
372304
372304
373265
373265
373830
373830
373850
373850
373922
373922
374161
374161
375035
375035
375623
375623
376028
376028
376900
376900
377281
377281
377335
377335
378717
378717
378941
378941
379134
379134
379216
379216
379941
379941
379979
379979
380176
380176
380619
380619
380794
380794
381431
381431
381959
381959
382004
382004
382191
382191
382443
382443
382918
382918
383017
383017
383344
383344
383700
383700
383822
383822
384444
384444
384628
384628
384752
384752
384802
384802
384895
384895
385515
385515
385954
385954
386311
386311
387094
387094
387482
387482
387752
387752
387965
387965
388148
388148
388686
388686
388860
388860
389274
389274
389438
389438
389552
389552
389606
389606
389808
389808
390227
390227
390803
390803
392710
392710
393694
393694
394030
394030
394192
394192
394729
394729
394840
394840
413275
413275
415390
415390
417086
417086
419642
419642
423159
423159
423200
423200
423843
423843
425167
425167
425318
425318
426525
426525
428690
428690
432112
432112
433599
433599
444014
444014
502233
502233
502671
502671
505656
505656
509676
509676
517770
517770
539476
539476
605307
605307
632119
632119
668316
668316
710972
710972
733651
733651
784842
784842
813892
813892
828009
828009
831211
831211
846405
846405
847336
847336
858185
858185
936973
936973
941816
941816
953268
953268
959925
959925
960409
960409



















































































































































































































































































































































































































































































































































































































































































































































































































































































































































































































10'
10'
10'
10'
1000105
1000105
1000105
1000105
1005641
1005641
1005641
1005641
1006677
1006677
1006677
1006677
1097219
1097219
1097219
1097219
1108547
1108547
1108547
1108547
1110123
1110123
1110123
1110123
1114311
1114311
1114311
1114311
1148032
1148032
1148032
1148032
1172226
1172226
1172226
1172226
1176975
1176975
1176975
1176975
1184475
1184475
1184475
1184475
1195054
1195054
1195054
1195054
1196151
1196151
1196151
1196151
1202695
1202695
1202695
1202695
1226954
1226954
1226954
1226954
1235520
1235520
1235520
1235520
1237877
1237877
1237877
1237877
1249584
1249584
1249584
1249584
1253865
1253865
1253865
1253865
1267592
1267592
1267592
1267592
1280597
1280597
1280597
1280597
1294930
1294930
1294930
1294930
1298763
1298763
1298763
1298763
1348576
1348576
1348576
1348576
1370051
1370051
1370051
1370051
1370497
1370497
1370497
1370497
1377100
1377100
1377100
1377100
1400710
1400710
1400710
1400710
1419671
1419671
1419671
1419671
1424987
1424987
1424987
1424987
1425109
1425109
1425109
1425109
1430511
1430511
1430511
1430511
1438571
1438571
1438571
1438571
1448920
1448920
1448920
1448920
1456124
1456124
1456124
1456124
1461592
1461592
1461592
1461592
1462633
1462633
1462633
1462633
1466829
1466829
1466829
1466829
1476664
1476664
1476664
1476664
1479769
1479769
1479769
1479769
1503926
1503926
1503926
1503926
1506097
1506097
1506097
1506097
1514749
1514749
1514749
1514749
1515273
1515273
1515273
1515273
1515637
1515637
1515637
1515637
1520131
1520131
1520131
1520131
1521501
1521501
1521501
1521501
1521688
1521688
1521688
1521688
1532701
1532701
1532701
1532701
1537873
1537873
1537873
1537873
1548083
1548083
1548083
1548083
1557302
1557302
1557302
1557302
1559757
1559757
1559757
1559757
1560308
1560308
1560308
1560308
1562166
1562166
1562166
1562166
1563668
1563668
1563668
1563668
1566779
1566779
1566779
1566779
1569623
1569623
1569623
1569623
1578385
1578385
1578385
1578385
1579738
1579738
1579738
1579738
1582740
1582740
1582740
1582740
1591259
1591259
1591259
1591259
1594025
1594025
1594025
1594025
1594662
1594662
1594662
1594662
1600122
1600122
1600122
1600122
1602355
1602355
1602355
1602355
1602553
1602553
1602553
1602553
1602726
1602726
1602726
1602726
1603221
1603221
1603221
1603221
1606797
1606797
1606797
1606797
1606893
1606893
1606893
1606893
1619228
1619228
1619228
1619228
1619634
1619634
1619634
1619634
1625254
1625254
1625254
1625254
1644748
1644748
1644748
1644748
1645016
1645016
1645016
1645016
1645053
1645053
1645053
1645053
1645103
1645103
1645103
1645103
1645110
1645110
1645110
1645110
1658259
1658259
1658259
1658259
1672415
1672415
1672415
1672415
1684149
1684149
1684149
1684149
1693833
1693833
1693833
1693833
1694498
1694498
1694498
1694498
1709430
1709430
1709430
1709430
1733326
1733326
1733326
1733326
1737287
1737287
1737287
1737287
+19241 and Crash in firefox!jpeg_mem_term+25def
+19241 and Crash in firefox!jpeg_mem_term+25def
+19241 and Crash in firefox!jpeg_mem_term+25def
+19241 and Crash in firefox!jpeg_mem_term+25def
192672
192672
192672
192672
206210
206210
206210
206210
206213
206213
206213
206213
206533
206533
206533
206533
207854
207854
207854
207854
209819
209819
209819
209819
210667
210667
210667
210667
213956
213956
213956
213956
214899
214899
214899
214899
216036
216036
216036
216036
218174
218174
218174
218174
219783
219783
219783
219783
222782
222782
222782
222782
223961
223961
223961
223961
227124
227124
227124
227124
227364
227364
227364
227364
227486
227486
227486
227486
228152
228152
228152
228152
228604
228604
228604
228604
229904
229904
229904
229904
230292
230292
230292
230292
233222
233222
233222
233222
234217
234217
234217
234217
234361
234361
234361
234361
234452
234452
234452
234452
234644
234644
234644
234644
234734
234734
234734
234734
235252
235252
235252
235252
235452
235452
235452
235452
236591
236591
236591
236591
236891
236891
236891
236891
236905
236905
236905
236905
237098
237098
237098
237098
238639
238639
238639
238639
240671
240671
240671
240671
241068
241068
241068
241068
244388
244388
244388
244388
245051
245051
245051
245051
245461
245461
245461
245461
247176
247176
247176
247176
248294
248294
248294
248294
250081
250081
250081
250081
250898
250898
250898
250898
251122
251122
251122
251122
253507
253507
253507
253507
255105
255105
255105
255105
255501
255501
255501
255501
257442
257442
257442
257442
258455
258455
258455
258455
258990
258990
258990
258990
258998
258998
258998
258998
259717
259717
259717
259717
259881
259881
259881
259881
260570
260570
260570
260570
260716
260716
260716
260716
261383
261383
261383
261383
261727
261727
261727
261727
262329
262329
262329
262329
263201
263201
263201
263201
263700
263700
263700
263700
263805
263805
263805
263805
264073
264073
264073
264073
264318
264318
264318
264318
264845
264845
264845
264845
265123
265123
265123
265123
266325
266325
266325
266325
266547
266547
266547
266547
267031
267031
267031
267031
267248
267248
267248
267248
267926
267926
267926
267926
268259
268259
268259
268259
268403
268403
268403
268403
268446
268446
268446
268446
268815
268815
268815
268815
268864
268864
268864
268864
269062
269062
269062
269062
270556
270556
270556
270556
272188
272188
272188
272188
272247
272247
272247
272247
273071
273071
273071
273071
273403
273403
273403
273403
274186
274186
274186
274186
276309
276309
276309
276309
277397
277397
277397
277397
278859
278859
278859
278859
278866
278866
278866
278866
279553
279553
279553
279553
280952
280952
280952
280952
281479
281479
281479
281479
281695
281695
281695
281695
282286
282286
282286
282286
282795
282795
282795
282795
283656
283656
283656
283656
283771
283771
283771
283771
284878
284878
284878
284878
285935
285935
285935
285935
286314
286314
286314
286314
286743
286743
286743
286743
287108
287108
287108
287108
290439
290439
290439
290439
290442
290442
290442
290442
292539
292539
292539
292539
292565
292565
292565
292565
292612
292612
292612
292612
292647
292647
292647
292647
292774
292774
292774
292774
292805
292805
292805
292805
292964
292964
292964
292964
293275
293275
293275
293275
293802
293802
293802
293802
294674
294674
294674
294674
295115
295115
295115
295115
295329
295329
295329
295329
295341
295341
295341
295341
296796
296796
296796
296796
296824
296824
296824
296824
298230
298230
298230
298230
299090
299090
299090
299090
301869
301869
301869
301869
301913
301913
301913
301913
302859
302859
302859
302859
303050
303050
303050
303050
303294
303294
303294
303294
303999
303999
303999
303999
304258
304258
304258
304258
305433
305433
305433
305433
305804
305804
305804
305804
306305
306305
306305
306305
306679
306679
306679
306679
307302
307302
307302
307302
307316
307316
307316
307316
307476
307476
307476
307476
307614
307614
307614
307614
307941
307941
307941
307941
307994
307994
307994
307994
308170
308170
308170
308170
308512
308512
308512
308512
308658
308658
308658
308658
309530
309530
309530
309530
309710
309710
309710
309710
310081
310081
310081
310081
310198
310198
310198
310198
310205
310205
310205
310205
311104
311104
311104
311104
311107
311107
311107
311107
311119
311119
311119
311119
311176
311176
311176
311176
311482
311482
311482
311482
311868
311868
311868
311868
312177
312177
312177
312177
312206
312206
312206
312206
312271
312271
312271
312271
312613
312613
312613
312613
312627
312627
312627
312627
312696
312696
312696
312696
313049
313049
313049
313049
313541
313541
313541
313541
313689
313689
313689
313689
314232
314232
314232
314232
314280
314280
314280
314280
314826
314826
314826
314826
315083
315083
315083
315083
315557
315557
315557
315557
316216
316216
316216
316216
316985
316985
316985
316985
317279
317279
317279
317279
317299
317299
317299
317299
317772
317772
317772
317772
318111
318111
318111
318111
318608
318608
318608
318608
319181
319181
319181
319181
319489
319489
319489
319489
319645
319645
319645
319645
320031
320031
320031
320031
320050
320050
320050
320050
320518
320518
320518
320518
320656
320656
320656
320656
321144
321144
321144
321144
321373
321373
321373
321373
322094
322094
322094
322094
322146
322146
322146
322146
322886
322886
322886
322886
324623
324623
324623
324623
324831
324831
324831
324831
325546
325546
325546
325546
325735
325735
325735
325735
327139
327139
327139
327139
327585
327585
327585
327585
327741
327741
327741
327741
327747
327747
327747
327747
328525
328525
328525
328525
328934
328934
328934
328934
329041
329041
329041
329041
329282
329282
329282
329282
329354
329354
329354
329354
329463
329463
329463
329463
329488
329488
329488
329488
329931
329931
329931
329931
329995
329995
329995
329995
330162
330162
330162
330162
330195
330195
330195
330195
330335
330335
330335
330335
330512
330512
330512
330512
330842
330842
330842
330842
331449
331449
331449
331449
331855
331855
331855
331855
332240
332240
332240
332240
332552
332552
332552
332552
332622
332622
332622
332622
332902
332902
332902
332902
333393
333393
333393
333393
333473
333473
333473
333473
333740
333740
333740
333740
334226
334226
334226
334226
334466
334466
334466
334466
334470
334470
334470
334470
334828
334828
334828
334828
335967
335967
335967
335967
336166
336166
336166
336166
336524
336524
336524
336524
336668
336668
336668
336668
336802
336802
336802
336802
336807
336807
336807
336807
337096
337096
337096
337096
337214
337214
337214
337214
337299
337299
337299
337299
337435
337435
337435
337435
337529
337529
337529
337529
337859
337859
337859
337859
338377
338377
338377
338377
338559
338559
338559
338559
339326
339326
339326
339326
339582
339582
339582
339582
340567
340567
340567
340567
341780
341780
341780
341780
341836
341836
341836
341836
342742
342742
342742
342742
342853
342853
342853
342853
343162
343162
343162
343162
343617
343617
343617
343617
344548
344548
344548
344548
345240
345240
345240
345240
345360
345360
345360
345360
345895
345895
345895
345895
346753
346753
346753
346753
346938
346938
346938
346938
347484
347484
347484
347484
347751
347751
347751
347751
348183
348183
348183
348183
348197
348197
348197
348197
349422
349422
349422
349422
349508
349508
349508
349508
349652
349652
349652
349652
349957
349957
349957
349957
350214
350214
350214
350214
351378
351378
351378
351378
351720
351720
351720
351720
352829
352829
352829
352829
353151
353151
353151
353151
353652
353652
353652
353652
353811
353811
353811
353811
354141
354141
354141
354141
354481
354481
354481
354481
354492
354492
354492
354492
354807
354807
354807
354807
354967
354967
354967
354967
355376
355376
355376
355376
355773
355773
355773
355773
355898
355898
355898
355898
357022
357022
357022
357022
357216
357216
357216
357216
357572
357572
357572
357572
357841
357841
357841
357841
357882
357882
357882
357882
358522
358522
358522
358522
358530
358530
358530
358530
358552
358552
358552
358552
358601
358601
358601
358601
359078
359078
359078
359078
359445
359445
359445
359445
360309
360309
360309
360309
360381
360381
360381
360381
360921
360921
360921
360921
361395
361395
361395
361395
361624
361624
361624
361624
361804
361804
361804
361804
361904
361904
361904
361904
362323
362323
362323
362323
363433
363433
363433
363433
363694
363694
363694
363694
364565
364565
364565
364565
364793
364793
364793
364793
365422
365422
365422
365422
365721
365721
365721
365721
365910
365910
365910
365910
365964
365964
365964
365964
365980
365980
365980
365980
366075
366075
366075
366075
366706
366706
366706
366706
367090
367090
367090
367090
367166
367166
367166
367166
367173
367173
367173
367173
367233
367233
367233
367233
367517
367517
367517
367517
368411
368411
368411
368411
368569
368569
368569
368569
369055
369055
369055
369055
369433
369433
369433
369433
369682
369682
369682
369682
370021
370021
370021
370021
370023
370023
370023
370023
370508
370508
370508
370508
370512
370512
370512
370512
371722
371722
371722
371722
372088
372088
372088
372088
372281
372281
372281
372281
372293
372293
372293
372293
372304
372304
372304
372304
373265
373265
373265
373265
373830
373830
373830
373830
373850
373850
373850
373850
373922
373922
373922
373922
374161
374161
374161
374161
375035
375035
375035
375035
375623
375623
375623
375623
376028
376028
376028
376028
376900
376900
376900
376900
377281
377281
377281
377281
377335
377335
377335
377335
378717
378717
378717
378717
378941
378941
378941
378941
379134
379134
379134
379134
379216
379216
379216
379216
379941
379941
379941
379941
379979
379979
379979
379979
380176
380176
380176
380176
380619
380619
380619
380619
380794
380794
380794
380794
381431
381431
381431
381431
381959
381959
381959
381959
382004
382004
382004
382004
382191
382191
382191
382191
382443
382443
382443
382443
382918
382918
382918
382918
383017
383017
383017
383017
383344
383344
383344
383344
383700
383700
383700
383700
383822
383822
383822
383822
384444
384444
384444
384444
384628
384628
384628
384628
384752
384752
384752
384752
384802
384802
384802
384802
384895
384895
384895
384895
385515
385515
385515
385515
385954
385954
385954
385954
386311
386311
386311
386311
387094
387094
387094
387094
387482
387482
387482
387482
387752
387752
387752
387752
387965
387965
387965
387965
388148
388148
388148
388148
388686
388686
388686
388686
388860
388860
388860
388860
389274
389274
389274
389274
389438
389438
389438
389438
389552
389552
389552
389552
389606
389606
389606
389606
389808
389808
389808
389808
390227
390227
390227
390227
390803
390803
390803
390803
392710
392710
392710
392710
393694
393694
393694
393694
394030
394030
394030
394030
394192
394192
394192
394192
394729
394729
394729
394729
394840
394840
394840
394840
413275
413275
413275
413275
415390
415390
415390
415390
417086
417086
417086
417086
419642
419642
419642
419642
423159
423159
423159
423159
423200
423200
423200
423200
423843
423843
423843
423843
425167
425167
425167
425167
425318
425318
425318
425318
426525
426525
426525
426525
428690
428690
428690
428690
432112
432112
432112
432112
433599
433599
433599
433599
444014
444014
444014
444014
502233
502233
502233
502233
502671
502671
502671
502671
505656
505656
505656
505656
509676
509676
509676
509676
517770
517770
517770
517770
539476
539476
539476
539476
605307
605307
605307
605307
632119
632119
632119
632119
668316
668316
668316
668316
710972
710972
710972
710972
733651
733651
733651
733651
784842
784842
784842
784842
813892
813892
813892
813892
828009
828009
828009
828009
831211
831211
831211
831211
846405
846405
846405
846405
847336
847336
847336
847336
858185
858185
858185
858185
936973
936973
936973
936973
941816
941816
941816
941816
953268
953268
953268
953268
959925
959925
959925
959925
960409
960409
960409
960409
 newsize; text of that new size continues to be truncated.
 newsize; text of that new size continues to be truncated.
 nsnull'
 nsnull'
&quot;CENTER&quot; does not give desired results
&quot;CENTER&quot; does not give desired results
&quot;menu&quot; button's menu (e.g. Stylish)
&quot;menu&quot; button's menu (e.g. Stylish)
&quot;on&quot; corrupts &quot;img src&quot; and &quot;a href&quot; addresses
&quot;on&quot; corrupts &quot;img src&quot; and &quot;a href&quot; addresses
&quot;somefile.js&quot;&gt;&lt;/script&gt;
&quot;somefile.js&quot;&gt;&lt;/script&gt;
&quot;yes&quot; not respected when two or more &lt;embed&gt; appear in a page.
&quot;yes&quot; not respected when two or more &lt;embed&gt; appear in a page.
text/html and PrintWriter.
text/html and PrintWriter.
