1195054
1625254
1514749
1537873
1562166
1578385
1645016
329488
389274
1594662
330842
1430511
1737287
1582740
1370497
1462633
1298763
425167
1456124
1600122
1603221
813892
1006677
1114311
1560308
1602726
1619228
1424987
384752
417086
425318
423159
423200
428690
1377100
366075
847336
1005641
1235520
1280597
1644748
1645053
1645103
1645110
1672415
419642
1521688
1521501
262329
415390
250898
1606797
1532701
1579738
960409
1476664
1557302
1425109
1658259
959925
846405
936973
1176975
1237877
1249584
1253865
1294930
1370051
1400710
1515273
1566779
1602553
1606893
1619634
327139
1438571
413275
1184475
1267592
1419671
953268
1000105
1202695
1506097
1548083
1559757
1563668
1569623
1684149
1693833
1733326
1148032
1515637
382443
388148
1602355
831211
444014
1097219
234734
235252
245051
247176
259717
268403
273403
284878
192672
206213
206533
207854
210667
213956
214899
218174
219783
222782
223961
227124
227364
227486
228152
228604
229904
230292
233222
234217
234452
234644
235452
236591
236891
236905
237098
238639
240671
244388
245461
248294
250081
251122
255105
255501
257442
258455
258990
258998
259881
260716
261383
261727
263201
263805
264318
264845
265123
266325
267031
267926
268259
268446
268815
268864
270556
272247
273071
274186
276309
278866
279553
280952
281479
281695
282286
282795
283656
285935
286314
287108
290439
290442
253507
277397
605307
1520131
267248
292774
426525
1108547
1591259
539476
348197
1348576
632119
370021
733651
1226954
278859
828009
941816
1196151
1448920
1594025
337859
1110123
433599
389808
517770
1172226
668316
347751
858185
241068
505656
1479769
269062
324831
509676
502671
502233
432112
345360
710972
1461592
423843
348183
361624
377281
388860
1466829
1503926
1694498
1709430
784842
206210
209819
216036
234361
260570
263700
264073
266547
272188
283771
286743
292539
292565
292612
292647
292805
292964
293275
293802
294674
295115
295329
295341
296796
296824
298230
299090
301869
301913
302859
303050
303294
303999
304258
305433
305804
306305
306679
307302
307316
307476
307614
307941
307994
308170
308512
308658
309530
309710
310081
310198
310205
311104
311107
311119
311176
311482
311868
312177
312206
312271
312613
312627
312696
313049
313541
313689
314232
314280
314826
315083
315557
316216
316985
317279
317299
317772
318111
318608
319181
319489
319645
320031
320050
320518
320656
321144
321373
322094
322146
322886
324623
325546
325735
327585
327741
327747
328525
328934
329041
329282
329354
329463
329931
329995
330162
330195
330335
330512
331449
331855
332240
332552
332622
332902
333393
333473
333740
334226
334466
334470
334828
335967
336166
336524
336668
336802
336807
337096
337214
337299
337435
337529
338377
338559
339326
339582
340567
341780
341836
342742
342853
343162
343617
344548
345240
345895
346753
346938
347484
349422
349508
349652
349957
350214
351378
351720
352829
353151
353652
353811
354141
354481
354492
354807
354967
355376
355773
355898
357022
357216
357572
357841
357882
358522
358530
358552
358601
359078
359445
360309
360381
360921
361395
361804
361904
362323
363433
363694
364565
364793
365422
365721
365910
365964
365980
366706
367090
367166
367173
367233
367517
368411
368569
369055
369433
369682
370023
370508
370512
371722
372088
372281
372293
372304
373265
373830
373850
373922
374161
375035
375623
376028
376900
377335
378717
378941
379134
379216
379941
379979
380176
380619
380794
381431
381959
382004
382191
382918
383017
383344
383700
383822
384444
384628
384802
384895
385515
385954
386311
387094
387482
387752
387965
388686
389438
389552
389606
390227
390803
392710
393694
394030
394192
394729
394840
