622305
622307
622313
622315
622322
622347
622360
622368
622370
622390
622391
622395
622416
622433
622441
622469
622472
622484
622492
622494
622496
622501
622568
622614
622668
622677
622696
622717
622723
622726
622734
622778
622779
622796
622801
622811
622817
622841
622849
622855
622871
622899
622930
622949
622953
622969
622972
622978
623067
623141
623143
623150
623153
623196
623203
623206
623230
623234
623236
623282
623314
623385
623453
623455
623467
623479
623483
623486
623489
623494
623502
623538
623587
623631
623658
623667
623674
623694
623698
623703
623705
623710
623719
623729
623731
623766
623770
623822
623829
623856
623866
623869
623874
623884
623892
623894
623899
623910
623923
623925
623927
623944
623952
623954
623969
624024
624042
624061
624082
624083
624098
624104
624125
624142
624167
624169
624174
624188
624200
624209
624264
624277
624286
624299
624314
624325
624330
624332
624357
624385
624408
624412
624509
624530
624560
624592
624601
624610
624617
624766
624769
624770
624801
624806
624826
624841
624848
624867
624879
624920
624994
625013
625040
625052
625056
625081
625088
625103
625117
625155
625161
625223
625233
625239
625245
625249
625254
625255
625258
625265
625267
625268
625285
625287
625312
625313
625344
625346
625358
625383
625398
625412
625454
625476
625481
625482
625609
625626
625648
625678
625691
625694
625697
625700
625702
625703
625710
625720
625742
625745
625781
625782
625784
625794
625817
625828
625852
625861
625877
625886
625899
625913
625996
626001
626009
626010
626045
626048
626066
626140
626165
626220
626248
626260
626300
626337
626349
626363
626375
626381
626387
626388
626414
626418
626423
626425
626442
626469
626476
626493
626506
626524
626532
626541
626563
626575
626577
626613
626615
626630
626635
626690
626724
626732
626744
626759
626773
626789
626821
626836
626845
626877
626892
626901
626907
626919
626927
626933
626938
626961
626972
626987
627005
627010
627022
627026
627038
627046
627047
627105
627107
627118
627130
627131
627134
627136
627158
627162
627191
627193
627206
627208
627210
627224
627236
627254
627256
627280
627339
627361
627392
627425
627453
627477
627547
627548
627594
627615
627620
627636
627640
627650
627694
627697
627714
627742
627762
627771
627777
627784
627796
627836
627841
627863
627958
627961
627968
627972
627980
627994
628004
628010
628013
628014
628015
628020
628023
628054
628077
628080
628122
628126
628129
628135
628136
628141
628176
628177
628179
628184
628196
628203
628210
628245
628249
628250
628260
628310
628315
628335
628352
628358
628380
628394
628404
628407
628415
628420
628480
628481
628569
628625
628640
628643
628646
628662
628694
628725
628736
628756
628766
628769
628780
628819
628825
628848
628905
628931
628940
628952
628962
628978
629059
629094
629101
629112
629119
629152
629154
629170
629176
629177
629223
629236
629272
629290
629302
629308
629339
629345
629350
629352
629366
629388
629395
629400
629404
629444
629455
629460
629491
629504
629507
629542
629547
629563
629567
629572
629580
629606
629609
629616
629617
629624
629629
629703
629760
629788
629800
629803
629805
629864
629880
629885
629887
629891
629899
629907
629915
629917
629930
629935
629947
629952
629957
629958
629975
630009
630015
630022
630030
630043
630066
630071
630089
630091
630097
630110
630114
630118
630119
630144
630146
630156
630181
630208
630255
630272
630300
630315
630327
630352
630407
630429
630436
630446
630453
630455
630460
630463
630464
630483
630495
630512
630514
630516
630524
630540
630548
630558
630568
630597
630626
630627
630639
630641
630675
630684
630705
630737
630756
630769
630771
630775
630782
630784
630785
630786
630789
630801
630802
630804
630806
630812
630826
630839
630840
630858
630863
630864
630879
630890
630899
630961
630976
631009
631108
631112
631114
631118
631122
631180
631181
631190
631195
631198
631203
631206
631207
631229
631272
631280
631304
631362
631373
631392
631436
631445
631455
631462
631477
631504
631516
631523
631547
631582
631591
631594
631632
631640
631671
631678
631689
631711
631721
631729
631757
631765
631769
631771
631814
631818
631846
631853
631881
631887
631888
631890
631893
631899
631903
631911
631922
631929
631949
631955
631962
632001
632031
632034
632110
632121
632134
632135
632137
632168
632174
632207
632224
632226
632248
632264
632267
632270
632272
632277
632301
632302
632307
632318
632323
632351
632372
632374
632377
632408
632422
632431
632471
632498
632510
632560
632564
632609
632616
632620
632631
632632
632639
632653
632686
632690
632731
632733
632735
632782
632791
632850
632862
632898
632912
632914
632977
632998
633033
633042
633057
633064
633093
633111
633114
633116
633120
633130
633134
633145
633157
633158
633162
633172
633174
633178
633182
633211
633238
633244
633252
633267
633286
633287
633314
633329
633339
633378
633411
633432
633467
633474
633482
633502
633513
633553
633572
633573
633606
633612
633623
633670
633715
633716
633733
633771
633782
633783
633800
633811
633812
633818
633837
633839
633889
633905
633908
633933
633947
633955
633958
633975
633977
634010
634019
634029
634059
634060
634073
634074
634078
634087
634110
634115
634122
634126
634157
634161
634165
634166
634202
634220
634228
634231
634235
634268
634334
634359
634360
634370
634391
634422
634430
634503
634526
634540
634553
634560
634566
634573
634595
634607
634612
634641
634649
634656
634663
634720
634726
634753
634789
634816
634820
634822
634824
634827
634832
634840
634849
634872
634874
634886
634889
635003
635018
635021
635023
635026
635036
635075
635076
635104
635130
635134
635149
635152
635154
635182
635190
635212
635262
635278
635291
635303
635307
635309
635316
635345
635368
635371
635429
635448
635449
635453
635464
635490
635507
635538
635550
635591
635600
635603
635614
635616
635622
635628
635646
635652
635669
635674
635690
635692
635702
635708
635745
635766
635801
635803
635810
635813
635823
635832
635843
635864
635866
635869
635881
635887
635928
635972
635985
635998
636016
636018
636057
636081
636132
636150
636158
636188
636192
636264
636276
636306
636311
636315
636320
636419
636447
636453
636455
636492
636504
636509
636553
636558
636560
636561
636586
636592
636610
636616
636617
636638
636683
636688
636711
636729
636774
636784
636785
636789
636807
636829
636837
636859
636874
636897
636907
636914
636923
636940
636947
636948
636975
636980
636992
636993
636995
637002
637005
637025
637026
637035
637044
637052
637066
637068
637090
637107
637108
637117
637132
637133
637135
637149
637152
637164
637224
637235
637249
637251
637257
637264
637293
637302
637303
637319
637330
637378
637402
637421
637462
637497
637505
637514
637553
637561
637581
637583
637597
637603
637607
637613
637619
637634
637638
637639
637640
637670
637696
637781
637802
637806
637828
637830
637850
637883
637894
637895
637920
637932
637944
637991
638012
638013
638028
638038
638040
638044
638053
638069
638072
638091
638102
638103
638107
638141
638158
638163
638173
638208
638215
638217
638219
638224
638235
638278
638280
638281
638282
638286
638300
638319
638358
638388
638390
638403
638404
638427
638446
638450
638452
638493
638500
638503
638522
638554
638565
638574
638577
638582
638598
638625
638664
638757
638760
638773
638790
638793
638802
638815
638838
638845
638853
638857
638863
638865
638878
638905
638915
638918
638936
638950
638959
638964
638966
638985
638993
639001
639085
639098
639121
639154
639184
639192
639196
639205
639215
639233
639239
639246
639264
639279
639282
639321
639366
639370
639374
639379
639381
639382
639390
639395
639409
639416
639447
639458
639485
639540
639555
639579
639600
639603
639627
639643
639657
639661
639662
639671
639672
639684
639690
639707
639724
639725
639739
639766
639768
639775
639810
639824
639835
639839
639928
639931
639938
639976
639979
640024
640037
640087
640106
640114
640134
640161
640181
640219
640221
640224
640259
640286
640322
640378
640382
640385
640390
640400
640419
640424
640428
640433
640434
640436
640442
640445
640462
640464
640478
640490
640495
640497
640508
640520
640521
640522
640528
640579
640591
640605
640631
640633
640634
640644
640657
640664
640666
640667
640678
640683
640689
640702
640747
640758
640762
640783
640793
640808
640812
640856
640886
640892
640894
640911
640912
640926
640930
640937
640952
640970
640976
640991
641001
641022
641030
641034
641061
641071
641082
641085
641098
641105
641106
641118
641126
641158
641161
641164
641179
641194
641204
641214
641234
641236
641264
641279
641280
641287
641295
641317
641340
641341
641346
641349
641355
641356
641363
641367
641368
641373
641380
641398
641406
641438
641443
641446
641451
641477
641481
641485
641486
641490
641494
641515
641520
641522
641527
641550
641577
641581
641598
641601
641646
641675
641691
641714
641716
641725
641743
641755
641758
641765
641767
641798
641832
641833
641850
641866
641872
641891
641893
641898
641918
641935
641939
641943
641953
641973
642001
642003
642031
642061
642064
642070
642072
642079
642084
642086
642096
642118
642124
642133
642134
642152
642193
642212
642264
642270
642284
642303
642320
642339
642358
642376
642379
642384
642399
642402
642414
642439
642440
642451
642454
642457
642460
642467
642493
642507
642517
642530
642546
642549
642567
642579
642581
642607
642636
642675
642711
642712
642745
642781
642782
642798
642802
642825
642836
642851
642967
643012
643013
643076
643096
643097
643114
643145
643208
643209
643226
643264
643282
643286
643309
643328
643335
643368
643377
643381
643385
643396
643430
643452
643464
643485
643500
643554
643570
643579
643583
643639
643646
643652
643659
643660
643666
643682
643699
643706
643709
643722
643724
643740
643758
643781
643796
643809
643820
643844
643863
643900
643918
643919
643931
643943
643977
643987
643989
644020
644032
644060
644073
644075
644080
644103
644104
644129
644174
644198
644201
644210
644256
644278
644304
644322
644349
644352
644353
644362
644365
644368
644376
644380
644411
644470
644485
644486
644499
644501
644591
644594
644629
644633
644655
644683
644698
644713
644728
644739
644814
644870
644876
644878
644883
644914
644930
644934
644948
644975
645010
645056
645097
645128
645136
645189
645211
645215
645229
645251
645259
645262
645269
645278
645279
645285
645295
645321
645323
645389
645404
645405
645406
645410
645412
645426
645450
645456
645479
645488
645502
645526
645528
645529
645549
645553
645554
645563
645575
645597
645609
645611
645649
645661
645664
645678
645680
645682
645687
645689
645690
645696
645713
645736
645737
645744
645754
645771
645772
645787
645806
645815
645820
645838
645852
645853
645900
645903
645907
645925
645933
645946
646007
646029
646044
646062
646077
646092
646098
646107
646109
646146
646154
646168
646169
646175
646181
646185
646204
646218
646221
646222
646225
646278
646302
646313
646314
646319
646323
646335
646344
646351
646352
646360
646370
646371
646378
646401
646402
646403
646452
646471
646474
646511
646518
646520
646535
646537
646548
646552
646566
646605
646620
646622
646625
646628
646630
646655
646671
646686
646707
646720
646721
646722
646753
646787
646790
646796
646805
646812
646816
646823
646835
646871
646877
646882
646883
646885
646897
646915
646937
646940
646946
646975
646981
646984
646987
647005
647010
647015
647042
647046
647064
647093
647102
647141
647144
647145
647147
647159
647179
647210
647218
647237
647238
647275
647289
647298
647305
647338
647341
647351
647400
647401
647415
647473
647484
647487
647489
647493
647525
647528
647542
647556
647563
647564
647572
647592
647596
647598
647599
647602
647611
647620
647630
647632
647638
647652
647671
647672
647691
647698
647704
647709
647711
647718
647719
647722
647748
647751
647761
647805
647811
647812
647826
647835
647853
647880
647883
647903
647919
647922
647924
647976
647990
647998
648015
648035
648046
648106
648108
648129
648143
648179
648183
648186
648210
648228
648251
648288
648349
648353
648379
648383
648398
648413
648417
648431
648444
648449
648473
648488
648495
648504
648515
648529
648535
648568
648584
648594
648613
648643
648657
648662
648671
648680
648701
648706
648711
648736
648743
648755
648789
648790
648791
648796
648808
648822
648824
648828
648838
648840
648841
648953
648963
648991
649020
649029
649128
649138
649146
649151
649156
649234
649239
649245
649247
649289
649314
649320
649321
649325
649329
649353
649359
649366
649371
649415
649448
649454
649462
649465
649472
649482
649485
649487
649496
649501
649503
649504
649511
649563
649577
649605
649632
649635
649646
649649
649654
649660
649671
649684
649687
649698
649703
649712
649751
649757
649765
649766
649770
649776
649794
649802
649809
649838
649852
649869
649882
649892
649913
649927
649942
649944
649945
649956
649961
649966
650063
650064
650086
650087
650094
650145
650147
650180
650187
650191
650194
650204
650245
650269
650277
650284
650294
650311
650331
650337
650346
650372
650459
650478
650487
650506
650544
650556
650559
650568
650585
650591
650592
650595
650613
650623
650630
650682
650683
650712
650716
650740
650754
650757
650758
650772
650775
650783
650797
650827
650910
650936
650939
650942
650944
650957
650960
651016
651018
651019
651020
651022
651024
651026
651035
651045
651046
651047
651049
651050
651053
651054
651056
651057
651060
651061
651065
651087
651092
651094
651096
651103
651111
651112
651115
651118
651123
651129
651142
651185
651188
651256
651297
651340
651343
651345
651346
651348
651350
651446
651448
651450
651457
651464
651475
651478
651482
651483
651506
651532
651547
651573
651577
651585
651693
651696
651698
651789
651810
651837
651855
651882
651883
651884
651886
651894
651931
651938
651981
651996
652000
652002
652003
652030
652046
652051
652063
652105
652108
652112
652114
652115
652123
652138
652140
652152
652197
652203
652222
652225
652226
652240
652290
652313
652316
652346
652349
652377
652397
652403
652406
652408
652441
652443
652449
652462
652508
652528
652531
652543
652563
652582
652588
652594
652600
652618
652632
652719
652726
652736
652780
652789
652790
652794
652804
652807
652818
652822
652934
652950
653006
653015
653032
653035
653055
653064
653070
653102
653124
653126
653128
653132
653162
653177
653206
653209
653236
653322
653345
653351
653386
653387
653389
653403
653417
653422
653488
653515
653522
653663
653667
653691
653714
653716
653745
653762
653768
653778
653779
653807
653831
653880
653885
653887
653894
653895
653923
653928
653931
653946
653948
653987
653993
653996
654000
654005
654011
654046
654058
654072
654090
654092
654097
654099
654119
654218
654272
654286
654293
654333
654344
654350
654424
654447
654453
654487
654502
654520
654538
654580
654589
654602
654634
654643
654648
654654
654683
654726
654740
654744
654751
654755
654774
654778
654789
654812
654823
654892
654894
654896
654897
654898
654954
654977
654979
654988
654994
654998
655024
655074
655083
655128
655145
655178
655180
655181
655192
655206
655208
655228
655306
655308
655319
655357
655381
655424
655445
655447
655449
655456
655461
655465
655468
655469
655483
655484
655515
655516
655518
655521
655535
655537
655547
655579
655590
655595
655611
655622
655624
655627
655645
655646
655657
655672
655674
655681
655688
655705
655707
655716
655721
655736
655757
655772
655774
655783
655785
655786
655816
655824
655858
655882
655898
655930
655933
655941
655947
655955
655985
656026
656043
656046
656056
656057
656077
656078
656087
656138
656147
656164
656196
656207
656238
656239
656280
656343
656351
656361
656372
656377
656378
656395
656428
656440
656443
656472
656475
656477
656502
656517
656518
656528
656532
656539
656558
656563
656568
656617
656626
656665
656667
656685
656723
656725
656750
656760
656774
656783
656798
656821
656833
656843
656849
656851
656864
656868
656870
656891
656911
656930
656946
656952
656971
656982
656998
657005
657011
657078
657080
657083
657085
657107
657145
657146
657152
657155
657195
657234
657236
657237
657238
657243
657250
657265
657268
657274
657275
657315
657394
657436
657442
657458
657461
657507
657538
657543
657546
657570
657584
657591
657603
657604
657630
657655
657724
657733
657738
657786
657796
657806
657859
657864
657891
657892
657893
657900
657928
657962
658068
658138
658166
658188
658189
658192
658199
658223
658226
658235
658265
658296
658304
658343
658349
658376
658410
658427
658438
658448
658460
658463
658472
658497
658512
658529
658542
658563
658570
658639
658647
658667
658674
658695
658710
658720
658722
658736
658760
658764
658778
658791
658811
658839
658842
658846
658847
658850
658875
658883
658886
658887
658888
658896
658902
658903
658907
658925
658961
658970
658979
658986
659002
659009
659028
659086
659130
659178
659201
659213
659228
659273
659280
659306
659307
659325
659333
659341
659365
659404
659454
659484
659522
659545
659568
659589
659593
659617
659662
659682
659706
659715
659735
659757
659759
659762
659818
659835
659841
659863
659914
659930
659939
659957
659961
659971
659998
660005
660007
660033
660062
660063
660069
660072
660148
660154
660162
660193
660218
660224
660226
660355
660384
660419
660420
660425
660428
660452
660474
660486
660499
660507
660511
660542
660548
660554
660555
660566
660574
660578
660583
660585
660605
660621
660636
660666
660697
660702
660720
660726
660732
660740
660749
660751
660757
660758
660791
660834
660871
660919
660954
660960
660963
661002
661017
661043
661055
661160
661237
661243
661271
661298
661339
661361
661371
661374
661411
661452
661457
661459
661465
661467
661469
661499
661502
661504
661512
661539
661590
661603
661608
661622
661642
661653
661696
661752
661754
661757
661761
661768
661775
661785
661788
661801
661803
661812
661856
661914
661917
661923
661938
661944
661948
661954
661955
661957
661958
661965
661995
662025
662056
662061
662069
662096
662134
662157
662169
662175
662176
662180
662201
662220
662221
662222
662232
662235
662257
662267
662287
662305
662323
662335
662348
662351
662367
662377
662397
662429
662456
662475
662483
662488
662496
662505
662510
662526
662531
662542
662570
662693
662739
662759
662764
662770
662808
662814
662819
662826
662866
662879
662926
662935
662952
662966
662990
663026
663027
663067
663071
663097
663112
663167
663182
663212
663216
663270
663296
663297
663299
663315
663319
663320
663321
663339
663340
663350
663364
663367
663395
663489
663515
663566
663587
663633
663637
663665
663704
663716
663726
663739
663750
663753
663755
663794
663802
663855
663875
663918
663935
663960
664035
664057
664077
664082
664098
664101
664150
664154
664160
664161
664291
664298
664314
664338
664405
664424
664468
664485
664524
664525
664556
664574
664589
664621
664633
664634
664636
664638
664644
664652
664653
664661
664666
664675
664690
664702
664719
664720
664757
664762
664767
664776
664784
664796
664804
664809
664818
664840
664869
664899
664947
664966
664971
664977
664984
665000
665008
665024
665050
665092
665133
665138
665196
665197
665207
665246
665266
665275
665285
665298
665341
665362
665367
665392
665395
665409
665419
665531
665547
665606
665618
665630
665672
665685
665693
665700
665725
665728
665739
665810
665825
665840
665859
665915
665918
665921
665951
665994
666000
666001
666017
666021
666037
666064
666076
666088
666098
666102
666134
666199
666219
666230
666250
666254
666262
666270
666328
666338
666362
666365
666375
666397
666400
666447
666449
666450
666520
666544
666545
666548
666557
666594
666609
666713
666721
666731
666739
666753
666754
666782
666794
666800
666823
666824
666846
666864
666897
666963
667013
667051
667159
667182
667187
667198
667200
667205
667206
667209
667223
667227
667229
667235
667246
667260
667275
667288
667294
667309
667311
667334
667340
667343
667357
667401
667412
667413
667426
667427
667437
667444
667457
667458
667459
667463
667505
667519
667559
667563
667565
667567
667575
667578
667584
667585
667596
667644
667831
667854
667865
667920
667950
668002
668003
668005
668008
668011
668057
668060
668087
668120
668158
668165
668174
668209
668215
668240
668241
668260
668283
668293
668296
668306
668315
668342
668347
668356
668362
668381
668412
668433
668466
668480
668486
668490
668491
668549
668577
668583
668627
668653
668695
668707
668716
668719
668729
668759
668796
668802
668827
668853
668883
668888
668912
668942
668943
668948
668959
668961
668964
668968
668980
668995
669004
669006
669008
669009
669020
669027
669045
669053
669066
669069
669070
669071
669119
669120
669128
669142
669160
669182
669246
669251
669258
669268
669292
669293
669301
669404
669406
669429
669447
669450
669453
669461
669484
669507
669511
669518
669531
669568
669571
669573
669588
669608
669609
669634
669639
669642
669678
669684
669687
669698
669738
669739
669746
669750
669787
669826
669828
669836
669862
669864
669865
669871
669878
669879
669895
669901
669923
669933
669954
669962
669970
669985
669990
670012
670027
670030
670053
670067
670090
670109
670116
670139
670150
670181
670183
670192
670204
670229
670290
670300
670305
670306
670311
670322
670336
670340
670344
670345
670438
670457
670462
670483
670497
670506
670524
670529
670531
670551
670557
670615
670623
670642
670666
670679
670681
670703
670777
670824
670829
670837
670856
670871
670879
670887
670898
670908
670917
670918
670928
670937
670955
670989
671003
671027
671038
671055
671056
671060
671088
671093
671128
671130
671137
671141
671151
671152
671153
671179
671181
671182
671187
671194
671204
671205
671215
671218
671219
671222
671223
671229
671233
671237
671241
671245
671275
671277
671320
671324
671427
671447
671472
671491
671493
671508
671513
671516
671521
671530
671557
671561
671568
671571
671578
671611
671640
671665
671667
671682
671690
671714
671845
671847
671876
671884
671920
671957
671958
671961
671982
672015
672019
672027
672028
672030
672039
672070
672071
672074
672083
672085
672114
672118
672119
672127
672129
672130
672151
672155
672163
672167
672205
672240
672284
672293
672309
672373
672380
672389
672395
672410
672440
672454
672506
672520
672540
672567
672607
672608
672616
672618
672629
672630
672654
672659
672677
672685
672695
672711
672719
672738
672759
672775
672797
672805
672827
672835
672838
672849
672858
672865
672871
672874
672885
672919
672926
672978
672979
672996
673000
673001
673024
673038
673063
673092
673101
673102
673135
673190
673233
673264
673299
673340
673364
673370
673371
673374
673379
673400
673402
673406
673424
673428
673437
673458
673490
673492
673529
673562
673572
673573
673598
673614
673639
673640
673669
673675
673678
673684
673694
673699
673703
673706
673712
673751
673758
673772
673779
673782
673785
673787
673796
673805
673845
673849
673855
673885
673917
673931
673939
673946
673990
674019
674062
674066
674132
674141
674164
674165
674167
674197
674232
674239
674274
674292
674299
674328
674337
674343
674387
674432
674437
674443
674449
674463
674483
674484
674496
674503
674510
674520
674523
674529
674540
674549
674556
674589
674593
674625
674629
674631
674641
674685
674688
674689
674693
674696
674710
674715
674737
674753
674793
674802
674804
674822
674853
674865
674873
674885
674889
674921
674925
674935
674954
674961
674979
674981
675083
675093
675096
675118
675137
675138
675142
675197
675250
675285
675313
675314
675342
675401
675403
675411
675417
675418
675446
675453
675456
675457
675491
675507
675509
675524
675552
675580
675582
675585
675591
675684
675685
675697
675713
675808
675818
675840
675866
675871
675872
675876
675909
675932
675937
675943
675949
675962
675972
676010
676012
676033
676068
676100
676106
676118
676168
676179
676181
676183
676185
676186
676191
676198
676203
676205
676209
676217
676226
676230
676236
676249
676251
676259
676270
676278
676279
676285
676330
676396
676464
676472
676478
676500
676505
676513
676519
676554
676559
676576
676617
676637
676641
676650
676653
676660
676736
676740
676745
676752
676808
676824
676839
676840
676852
676858
676861
676903
676928
676939
676953
676963
676968
676972
676995
676997
676998
677043
677052
677077
677093
677104
677113
677114
677117
677121
677124
677131
677134
677141
677181
677281
677357
677360
677381
677395
677396
677406
677424
677435
677438
677444
677460
677461
677484
677493
677545
677549
677590
677594
677610
677621
677647
677656
677668
677741
677744
677757
677763
677795
677808
677815
677841
677849
677853
677868
677870
677891
677899
677907
677919
677953
677959
677981
677983
677989
678050
678070
678089
678139
678144
678174
678224
678228
678252
678324
678340
678345
678355
678369
678375
678380
678429
678449
678521
678523
678532
678533
678545
678560
678568
678582
678618
678651
678684
678698
678718
678720
678739
678784
678803
678807
678809
678813
678829
678831
678868
678890
678934
678936
678941
678947
678949
678994
679006
679011
679127
679185
679239
679243
679248
679253
679257
679266
679270
679276
679292
679295
679302
679323
679327
679359
679371
679379
679385
679456
679519
679522
679566
679582
679619
679625
679628
679632
679636
679650
679667
679680
679684
679712
679727
679740
679742
679795
679797
679814
679821
679842
679844
679846
679854
679868
679875
679876
679891
679921
679942
679946
679967
679989
679997
680001
680011
680018
680032
680052
680080
680100
680105
680115
680123
680128
680135
680156
680163
680174
680195
680196
680230
680235
680245
680247
680249
680250
680289
680292
680297
680311
680323
680352
680358
680367
680391
680394
680398
680399
680400
680424
680426
680433
680461
680536
680542
680601
680617
680651
680655
680660
680665
680672
680675
680689
680704
680736
680761
680782
680785
680798
680808
680811
680823
680836
680843
680850
680875
680887
680899
680910
680916
680932
680968
681050
681062
681122
681134
681147
681174
681191
681199
681212
681215
681216
681224
681226
681346
681350
681355
681365
681370
681389
681392
681396
681397
681435
681479
681485
681488
681499
681542
681553
681586
681589
681596
681598
681603
681617
681618
681626
681636
681642
681749
681754
681764
681777
681856
681877
681912
681915
681916
681955
681960
681967
682026
682052
682074
682111
682141
682159
682161
682170
682193
682213
682220
682237
682245
682262
682289
682292
682293
682296
682336
682337
682347
682387
682414
682415
682438
682441
682468
682483
682509
682544
682553
682557
682559
682565
682573
682609
682614
682623
682638
682640
682642
682644
682647
682699
682706
682715
682719
682725
682732
682743
682752
682768
682771
682773
682778
682781
682811
682813
682817
682820
682824
682838
682867
682901
682918
682926
682954
682964
682984
683015
683035
683043
683051
683079
683080
683106
683114
683125
683136
683139
683146
683184
683195
683198
683240
683248
683263
683284
683286
683318
683327
683384
683397
683434
683437
683459
683471
683472
683608
683612
683613
683648
683651
683696
683698
683707
683785
683798
683809
683820
683845
683851
683858
683863
683881
683887
683892
683904
683908
683909
683924
683932
683978
684012
684022
684027
684033
684035
684041
684062
684071
684119
684141
684148
684162
684179
684192
684196
684216
684221
684235
684236
684305
684378
684381
684383
684390
684400
684454
684456
684459
684468
684475
684476
684478
684490
684499
684510
684519
684532
684548
684579
684581
684583
684612
684630
684646
684654
684694
684698
684700
684702
684717
684729
684769
684770
684776
684778
684829
684840
684846
684861
684874
684875
684881
684886
684900
684924
684941
684946
684976
684978
684993
685027
685055
685057
685072
685102
685110
685138
685148
685160
685168
685189
685190
685192
685205
685206
685225
685230
685250
685252
685254
685266
685281
685286
685330
685338
685361
685392
685393
685405
685433
685459
685496
685498
685505
685524
685542
685550
685560
685577
685600
685631
685634
685650
685690
685711
685731
685736
685739
685740
685751
685766
685784
685791
685797
685799
685803
685806
685824
685853
685884
685885
685890
685910
685931
685957
685985
686015
686075
686096
686116
686119
686123
686125
686152
686156
686163
686169
686187
686196
686198
686211
686223
686226
686229
686233
686235
686264
686287
686300
686301
686313
686326
686367
686370
686399
686402
686415
686437
686452
686470
686477
686481
686483
686495
686594
686607
686624
686626
686634
686651
686670
686678
686704
686712
686713
686747
686770
686782
686801
686810
686811
686833
686875
686877
686928
686956
686975
686979
686989
686993
686998
687007
687033
687036
687043
687057
687062
687075
687077
687078
687082
687083
687084
687088
687122
687124
687131
687140
687157
687200
687202
687237
687286
687290
687300
687301
687305
687306
687311
687327
687344
687356
687357
687370
687379
687386
687396
687406
687411
687413
687416
687418
687419
687423
687429
687456
687474
687482
687542
687543
687544
687547
687601
687635
687705
687707
687730
687751
687764
687784
687798
687804
687809
687862
687868
687880
687882
687905
687923
687961
687977
688000
688002
688003
688016
688052
688055
688064
688085
688088
688091
688095
688106
688118
688123
688130
688133
688139
688144
688145
688147
688159
688166
688176
688188
688193
688235
688243
688246
688297
688306
688312
688345
688356
688410
688412
688421
688426
688428
688440
688445
688470
688471
688475
688480
688509
688532
688537
688545
688546
688556
688562
688576
688584
688590
688611
688613
688626
688658
688665
688668
688678
688707
688734
688738
688739
688797
688812
688818
688855
688863
688918
688922
688944
688945
688975
688976
688978
688985
688986
689002
689034
689041
689067
689079
689112
689171
689234
689262
689284
689343
689368
689377
689402
689419
689444
689504
689523
689548
689553
689586
689614
689629
689647
689720
689753
689760
689769
689841
689851
689865
689867
689891
689893
689918
689942
689949
689954
689962
689964
689980
689991
690116
690190
690191
690198
690224
690229
690241
690259
690272
690279
690283
690317
690325
690366
690377
690379
690384
690429
690444
690538
690570
690631
690633
690639
690646
690647
690681
690692
690707
690708
690710
690712
690722
690727
690737
690764
690780
690805
690815
690821
690832
690838
690840
690846
690858
690869
690905
690917
690946
690999
691000
691007
691017
691038
691061
691072
691086
691098
691114
691115
691123
691127
691128
691129
691130
691157
691160
691167
691169
691174
691176
691186
691187
691189
691190
691193
691196
691200
691216
691224
691242
691255
691276
691282
691283
691284
691309
691332
691333
691380
691390
691392
691410
691417
691430
691444
691446
691471
691485
691507
691611
691632
691645
691699
691704
691719
691727
691729
691757
691765
691774
691823
691830
691836
691867
691874
691894
691917
691941
691969
691973
691986
692007
692009
692022
692023
692055
692073
692112
692180
692225
692252
692261
692263
692311
692315
692331
692339
692343
692345
692348
692376
692389
692397
692410
692411
692414
692416
692442
692465
692475
692482
692491
692508
692516
692553
692557
692574
692584
692604
692620
692676
692690
692710
692746
692751
692754
692768
692784
692816
692843
692867
692868
692874
692877
692896
692915
692924
692929
692955
692962
692967
692975
692979
692989
693023
693024
693036
693037
693042
693051
693052
693079
693083
693085
693105
693117
693123
693136
693163
693164
693167
693168
693181
693195
693204
693211
693213
693224
693239
693255
693268
693271
693274
693276
693286
693291
693295
693312
693353
693359
693367
693368
693419
693426
693460
693474
693485
693494
693502
693509
693525
693542
693561
693572
693573
693582
693659
693668
693682
693689
693690
693707
693710
693728
693827
693832
693852
693867
693877
693914
693927
693932
693934
693936
693970
693975
693980
693982
693984
694014
694028
694029
694034
694069
694072
694076
694100
694114
694128
694146
694147
694151
694157
694189
694223
694248
694259
694265
694284
694293
694328
694351
694374
694425
694473
694486
694507
694510
694517
694519
694528
694535
694549
694568
694591
694652
694670
694689
694702
694707
694719
694780
694782
694788
694790
694794
694813
694825
694834
694839
694848
694856
694889
694891
694897
694905
694910
694921
694925
694933
694934
694940
694944
694991
695019
695043
695066
695067
695115
695133
695134
695142
695197
695206
695212
695242
695248
695258
695264
695268
695273
695298
695308
695311
695313
695321
695363
695370
695443
695498
695511
695517
695588
695592
695617
695638
695654
695678
695712
695718
695719
695720
695735
695766
695790
695794
695810
695856
695868
695938
695969
695980
695984
695995
696007
696011
696047
696054
696073
696086
696087
696098
696111
696117
696120
696191
696194
696238
696246
696285
696296
696306
696316
696326
696389
696423
696440
696472
696479
696488
696491
696499
696502
696522
696524
696526
696566
696570
696571
696573
696580
696589
696593
696594
696608
696609
696610
696615
696617
696626
696643
696646
696650
696670
696692
696707
696729
696743
696747
696763
696778
696800
696863
696866
696885
696891
696920
696948
696961
696965
696976
696983
696997
696999
697010
697015
697018
697023
697031
697059
697072
697074
697075
697081
697106
697114
697123
697138
697146
697151
697167
697182
697199
697207
697212
697218
697231
697238
697248
697276
697284
697286
697305
697359
697370
697376
697406
697438
697446
697448
697458
697482
697523
697530
697635
697645
697661
697692
697697
697704
697706
697722
697735
697743
697758
697781
697789
697791
697799
697809
697816
697849
697870
697892
697894
697927
697929
697936
697948
697951
697955
697963
697970
698007
698008
698036
698052
698056
698093
698132
698173
698199
698200
698202
698207
698224
698240
698243
698252
698260
698271
698276
698283
698285
698292
698296
698300
698301
698322
698340
698351
698356
698360
698369
698411
698421
698434
698442
698445
698448
698450
698498
698500
698523
698566
698597
698644
698647
698667
698676
698677
698691
698692
698693
698696
698705
698710
698719
698720
698732
698735
698749
698754
698771
698809
698822
698841
698861
698864
698873
698885
698886
698889
698896
698900
698903
698919
698926
698941
698948
698954
698955
698962
698977
698984
698998
699000
699010
699026
699035
699047
699055
699056
699113
699115
699125
699135
699144
699174
699196
699209
699223
699241
699244
699277
699290
699291
699321
699324
699338
699342
699354
699357
699360
699410
699440
699441
699472
699479
699562
699571
699573
699588
699613
699614
699616
699617
699618
699619
699666
699671
699681
699714
699720
699722
699726
699746
699767
699768
699776
699791
699820
699836
699884
699889
699928
699969
700000
700002
700003
700007
700017
700056
700089
700100
700114
700115
700121
700123
700149
700186
700208
700227
700232
700237
700239
700248
700280
700301
700310
700325
700343
700395
700399
700400
700408
700467
700482
700514
700531
700533
700541
700545
700556
700585
700608
700638
700644
700719
700755
700760
700768
700791
700805
700808
700827
700840
700844
700850
700865
700883
700886
700898
700927
700953
700979
700998
701026
701029
701060
701084
701090
701109
701122
701158
701234
701246
701258
701288
701289
701301
701325
701334
701336
701338
701340
701346
701360
701367
701368
701394
701395
701400
701410
701413
701421
701427
701433
701468
701500
701512
701522
701524
701566
701567
701577
701591
701597
701602
701642
701647
701648
701650
701651
701657
701661
701667
701674
701675
701688
701699
701714
701717
701721
701733
701753
701756
701774
701794
701803
701823
701829
701853
701886
701896
701898
701927
701943
701950
701978
701998
702006
702007
702008
702016
702031
702033
702034
702038
702045
702049
702050
702051
702052
702053
702070
702091
702108
702130
702142
702160
702163
702179
702206
702214
702219
702229
702234
702236
702242
702257
702259
702307
702323
702356
702374
702380
702383
702392
702415
702438
702449
702484
702495
702509
702537
702560
702561
702570
702588
702594
702611
702635
702640
702649
702658
702668
702669
702678
702697
702710
702750
702754
702784
702804
702892
702902
702925
702935
702938
702953
702975
702982
702986
702991
702999
703042
703055
703074
703081
703085
703086
703096
703103
703106
703132
703153
703159
703163
703168
703172
703190
703191
703196
703200
703204
703209
703211
703212
703217
703222
703240
703242
703243
703245
703253
703255
703257
703270
703281
703320
703322
703323
703324
703350
703359
703362
703367
703405
703431
703435
703436
703437
703446
703455
703473
703488
703498
703518
703529
703547
703548
703550
703559
703581
703586
703593
703606
703618
703644
703655
703658
703668
703685
703689
703709
703720
703724
703812
703837
703846
703849
703856
703887
703913
703921
703940
703948
703968
703979
703980
703981
703985
703994
703995
704000
704025
704026
704027
704051
704061
704094
704096
704102
704113
704128
704137
704164
704193
704238
704251
704252
704298
704304
704403
704429
704444
704447
704449
704458
704524
704544
704577
704584
704613
704632
704636
704641
704657
704661
704696
704753
704763
704769
704777
704794
704796
704798
704809
704842
704850
704851
704858
704868
704878
704924
704947
704949
704995
705003
705031
705037
705070
705076
705080
705082
705096
705155
705190
705222
705223
705230
705234
705237
705261
705271
705292
705294
705299
705304
705331
705364
705410
705412
705425
705426
705445
705471
705483
705487
705490
705492
705499
705502
705526
705527
705531
705534
705535
705539
705541
705542
705544
705554
705555
705560
705561
705587
705596
705600
705601
705704
705736
705738
705826
705842
705857
705888
706008
706017
706019
706051
706053
706062
706074
706102
706124
706125
706127
706130
706139
706143
706169
706173
706183
706197
706209
706221
706224
706250
706254
706274
706305
706394
706426
706457
706477
706499
706536
706546
706589
706604
706628
706629
706652
706669
706691
706730
706735
706737
706766
706767
706768
706770
706773
706785
706788
706792
706816
706829
706837
706904
706919
706933
706953
706955
706957
706970
707032
707050
707055
707075
707079
707106
707126
707138
707154
707156
707165
707169
707179
707195
707196
707198
707222
707227
707236
707237
707242
707261
707268
707283
707293
707296
707321
707370
707374
707391
707394
707396
707397
707402
707416
707422
707424
707427
707429
707446
707447
707471
707490
707491
707518
707556
707566
707579
707621
707624
707631
707647
707686
707687
707689
707691
707694
707699
707710
707730
707735
707744
707760
707776
707781
707782
707783
707822
707847
707860
707885
707933
708030
708067
708108
708110
708119
708121
708132
708137
708162
708165
708170
708181
708188
708194
708199
708220
708236
708269
708276
708328
708384
708426
708436
708449
708493
708497
708502
708510
708512
708520
708524
708543
708551
708579
708583
708584
708602
708647
708648
708652
708653
708655
708657
708658
708659
708661
708662
708663
708664
708666
708669
708670
708671
708680
708682
708732
708829
708862
708882
708887
708904
708941
708952
708959
708974
708980
708997
709044
709054
709065
709072
709089
709159
709177
709181
709231
709238
709283
709290
709326
709398
709429
709440
709443
709449
709476
709504
709505
709532
709536
709553
709583
709610
709616
709619
709637
709644
709659
709664
709723
709727
709738
709746
709790
709809
709883
709892
709945
709952
710002
710052
710059
710123
710146
710160
710172
710179
710204
710217
710226
710273
710285
710359
710372
710389
710398
710436
710440
710499
710501
710505
710512
710513
710563
710567
710585
710682
710769
710773
710846
710879
710882
710896
710908
710911
710927
710954
710971
710976
710991
710994
711014
711015
711040
711048
711087
711159
711171
711187
711208
711259
711326
711330
711339
711351
711373
711379
711396
711405
711408
711432
711465
711472
711476
711479
711527
711547
711550
711569
711573
711577
711632
711655
711709
711712
711719
711734
711765
711777
711785
711786
711788
711816
711819
711821
711823
711827
711831
711861
711880
711881
711883
711884
711889
711906
711916
711924
711938
711942
711944
711947
711992
711995
711997
712025
712039
712040
712070
712083
712086
712106
712124
712168
712173
712187
712189
712225
712227
712229
712240
712257
712313
712335
712350
712375
712393
712396
712399
712412
712415
712417
712436
712438
712442
712459
712478
712497
712520
712537
712608
712625
712636
712662
712668
712669
712709
712730
712731
712746
712747
712765
712781
712786
712792
712834
712839
712862
712875
712879
712890
712894
712905
712906
712911
712983
713004
713025
713036
713083
713129
713146
713171
713175
713177
713178
713187
713191
713192
713194
713195
713206
713220
713222
713246
713247
713262
713308
713310
713312
713314
713316
713351
713362
713373
713387
713398
713433
713479
713494
713525
713532
713540
713548
713608
713613
713626
713627
713631
713640
713641
713658
713674
713680
713713
713719
713807
713811
713818
713820
713833
713838
713843
713845
713848
713869
713979
713985
713986
713992
713999
714000
714004
714038
714056
714058
714072
714106
714111
714133
714137
714147
714156
714180
714190
714195
714207
714216
714219
714222
714233
714236
714241
714274
714292
714295
714301
714305
714330
714340
714362
714385
714387
714398
714435