1408108
1417698
521116
759911
768939
796079
808724
811328
814074
818148 - end
822523
822958
943845
967274
967277
967878
967880
969544
978544
1022746
1399897
937074
997962
1354567
1392723
1395748
1397361
1399274
1399278
1399564
1400382
1400411
1401653
1403259
1403261
1404370
1405765
1405927
1406179
1406231
1406510
1407652
1407753
1407767
1409564
1412375
1413290
1413459
1416535
1420430
1423346
1429577
1430869
1432309
1435094
1437620
1451424
1454097
1458177
1461204
1465948
1489937
1544895
1614697
1619094
1471695
1476688
1478218
1482464
1484030
693555
901487
948937
1025703
1030451
1065004
1118863
1124895
1136477
870209
1328548
1483553
1515005
1490727
1523273
1523662
1443771
909069
514723
75785
76570
81454
82207
88070
92827
94238
94245
94249
94263
94778
96065
98781
100498
101615
102021
102416
102475
104173
106710
107858
109231
109977
110718
114687
118633
120019
127118
134787
138069
146065
154340
154704
156301
162090
163812
165998
166004
168624
171366
175321
177242
180415
185852
191871
198118
243313
245349
245367
245931
246062
246063
246213
247323
248378
249998
251513
256003
258937
259385
260527
260846
280055
280154
280498
394501
415944
420055
423726
425125
310109
332211
337139
1141286
1631439
1565243
1621342
416622
844300
844302
844312
1354140
1358167
1360054
1584025
1408970
1445732
1524852
1567581
1588883
1403974
1403975
1407274
1419590
1434011
1437982
1461406
1462403
1573276
307629
485839
793865
840418
872869
933101
978592
978639
990467
1133649
1213414
1221574
1221575
1221576
1239689
1269472
1272386
1274653
1286041
1290425
1311911
1314316
1315928
1317234
1325577
1326176
1328284
1335512
1337805
1342363
1342389
1343780
1344653
1347067
1355306
1357683
1359451
1359477
1361657
1362334
1366707
1367702
1368910
1374275
1375729
1380233
1381015
1384053
1385481
1392837
1395195
1399905
1400465
1400671
1422631
1423770
1426174
1535631
1540231
1543350
1594181
1596064
1596065
1604117
1611439
1617915
1632093
1632864
1727317
1728186
1729535
1735724
1475934
1475938
1477634
1550075
1572412
1595537
1632225
1690373
1695252
1696945
642279
642328
648354
651579
651654
656678
656680
662873
810220
817431
818293
821071
823056
824220
825086
825106
829461
829761
836349
839677
843595
845283
853858
853998
860143
866120
885640
975548
976358
1005145
1009433
1010295
1010299
1010745
1010763
1010772
1013824
1016317
1023531
1025047
1025814
1025834
1034211
1053442
1058609
1087271
1628188
1652567
1653280
39158
41984
205668
1467280
1476034
1476062
1414688
891552
1049207
1132303
480503
651279
667028
678101
703018
755301
797509
832362
838746
838747
838897
843867
846347
846376
847294
848458
848806
849897
852466
853031
867120
870092
872223
877175
882126
888792
889334
890946
891917
891989
919559
922739
931907
937263
943640
945894
959098
965610
979357
1000160
1010032
1013306
1013322
1020348
1028709
1069077
1073591
1085188
1096436
1114552
1114576
1118193
1122029
1126233
1126288
1126296
1132068
1133365
1143722
1164531
1165869
1171310
1171955
1175946
1184173
1193418
1194769
1197251
1206078
1212768
1214558
1218751
1219206
1221948
1221950
1221952
1221957
1224151
1227904
1231513
1247834
1257986
1258420
1288179
1289704
1396607
1435010
1473330
1486496
1486500
1486504
1486509
1492166
1519898
1525984
1527911
1528177
1531778
1570746
1583774
1589137
1616918
1681688
1102504
896557
896566
896574
899182
906662
470314
494651
499871
517229
523878
524411
527281
530169
547417
548540
548589
548590
549324
565694
566780
566784
578849
596053
637192
647180
663268
664518
676719
687777
733631
775825
798223
841495
959567
959594
1131362
1131416
1151077
1162142
1162283
1173751
1176107
1187901
1195054
1198683
1198687
1200322
1201017
1207375
1226629
1232548
1239708
1262783
1295458
1303781
1374477
1380021
1384256
1386474
1391082
1392733
1393237
1395387
1402272
1403781
1410240
1413574
